0.217951
0.220042
0.226564
0.238343
0.257065
0.285967
0.331571
0.408663
0.558662
0.956919
4.70256
1.41682
0.585546
0.358564
0.253684
0.193955
0.155891
0.129927
0.111444
0.0979504
0.0879848
0.0806366
0.075309
0.0715933
0.0691991
0.0679147
0.0675827
0.0680869
0.0693434
0.0712959
0.0739129
0.0771858
0.0811284
0.0857782
0.0911982
0.0974809
0.104755
0.113195
0.123037
0.134601
0.148326
0.164831
0.185007
0.210182
0.242427
0.285152
0.344395
0.431943
0.574324
0.8463
1.57185
9.55454
2.41988
1.08957
0.709597
0.529696
0.424823
0.356172
0.307765
0.271817
0.244082
0.222048
0.204132
0.189288
0.176799
0.166153
0.156978
0.148997
0.141997
0.135814
0.130319
0.125409
0.121001
0.117026
0.11343
0.110166
0.107194
0.104482
0.102003
0.0997311
0.0976472
0.0957335
0.0939746
0.0923572
0.0908696
0.0895017
0.0882446
0.0870904
0.0860321
0.0850637
0.0841796
0.0833751
0.082646
0.0819885
0.0813995
0.080876
0.0804155
0.0800159
0.0796753
0.0793922
0.0791653
0.0789936
0.0788764
0.0788131
0.0788034
0.0788473
0.078945
0.0790969
0.0793037
0.0795662
0.0798859
0.080264
0.0807024
0.0812031
0.0817687
0.082402
0.0831061
0.083885
0.0847427
0.0856844
0.0867155
0.0878423
0.089072
0.0904131
0.0918749
0.0934682
0.0952059
0.0971022
0.099174
0.101441
0.103926
0.106657
0.109666
0.112992
0.11668
0.120789
0.125388
0.130564
0.136425
0.143112
0.150804
0.159738
0.170234
0.182733
0.197859
0.216527
0.240134
0.270923
0.312743
0.37279
0.466256
0.631709
1.00414
2.61854
3.83991
1.07233
0.611282
0.421626
0.318355
0.253508
0.209108
0.176899
0.152564
0.133629
0.118578
0.106432
0.096535
0.0884327
0.0818016
0.0764069
0.0720739
0.0686703
0.0660928
0.0642589
0.063101
0.0625626
0.062596
0.0631612
0.0642261
0.065766
0.0677646
0.0702143
0.0731169
0.0764845
0.0803406
0.0847215
0.0896788
0.0952815
0.101621
0.108818
0.117027
0.126454
0.137371
0.150146
0.165287
0.183508
0.205852
0.233901
0.270165
0.318889
0.387856
0.493045
0.673263
1.05356
2.38421
9.58993
1.60698
0.881118
0.60883
0.466137
0.378274
0.318713
0.275662
0.243081
0.217559
0.197019
0.180127
0.165988
0.153977
0.143644
0.134659
0.126772
0.119793
0.113572
0.107992
0.102957
0.0983903
0.0942294
0.0904219
0.0869242
0.0836997
0.0807173
0.0779504
0.0753763
0.0729754
0.0707307
0.0686272
0.0666518
0.0647933
0.0630414
0.0613871
0.0598225
0.0583403
0.0569343
0.0555986
0.0543281
0.0531182
0.0519644
0.0508631
0.0498106
0.0488038
0.0478397
0.0469156
0.0460288
0.0451766
0.0443541
5.14092
0.0428337
0.0421003
0.041397
0.0407197
0.0400664
0.039436
0.038827
0.0382385
0.0376693
0.0371186
0.0365855
0.0360691
0.0355687
0.0350837
0.0346131
0.0341566
0.0337134
0.033283
0.0328648
0.0324584
0.0320632
0.0316789
0.0313049
0.030941
0.0305866
0.0302415
0.0299053
0.0295776
0.0292581
0.0289467
0.0286429
0.0283465
0.0280572
0.0277748
0.0274991
0.0272299
0.0269668
0.0267098
0.0264586
0.026213
0.0259729
0.0257381
0.0255084
0.0252836
0.0250637
0.0248484
0.0246377
0.0244314
0.0242293
0.0240314
0.0238374
0.0236476
0.0234614
0.0232789
0.0231
0.0229246
0.0227527
0.022584
0.0224185
0.0222562
0.0220969
0.0219407
0.0217873
0.0216368
0.021489
0.0213439
0.0212014
0.0210615
0.0209241
0.0207891
0.0206565
0.0205262
0.0203982
0.0202724
0.0201488
0.0200273
0.0199077
0.0197904
0.0196749
0.0195614
0.0194497
0.01934
0.019232
0.0191258
0.0190213
0.0189185
0.0188174
0.0187179
0.01862
0.0185236
0.0184288
0.0183355
0.0182436
0.0181532
0.0180642
0.0179766
0.0178903
0.0178054
0.0177218
0.0176394
0.0175583
0.0174784
0.0173998
0.0173223
0.017246
0.0171709
0.0170968
0.0170239
0.0169521
0.0168813
0.0168115
0.0167428
0.0166751
0.0166084
0.0165427
0.016478
0.0164141
0.0163512
0.0162893
0.0162282
0.016168
0.0161087
0.0160502
0.0159926
0.0159358
0.0158798
0.0158247
0.0157703
0.0157167
0.0156638
0.0156118
0.0155604
0.0155098
0.01546
0.0154108
0.0153624
0.0153146
0.0152675
0.0152211
0.0151754
0.0151303
0.0150858
0.015042
0.0149989
0.0149563
0.0149144
0.014873
0.0148323
0.0147921
0.0147526
0.0147136
0.0146751
0.0146373
0.0145999
0.0145632
0.0145269
0.0144912
0.0144561
0.0144214
0.0143873
0.0143536
0.0143205
0.0142879
0.0142557
0.0142241
0.0141929
0.0141622
0.0141319
0.0141022
0.0140729
0.014044
0.0140156
0.0139876
0.0139601
0.013933
0.0139064
0.0138802
0.0138544
0.013829
0.013804
0.0137795
0.0137553
0.0137316
0.0137083
0.0136853
0.0136628
0.0136406
0.0136189
0.0135975
0.0135765
0.0135559
0.0135356
0.0135157
0.0134962
0.0134771
0.0134583
0.0134399
0.0134218
0.0134041
0.0133867
0.0133697
0.0133531
0.0133368
0.0133208
0.013305
0.0132898
0.0132749
0.0132603
0.013246
0.013232
0.0132184
0.0132051
0.0131921
0.0131794
0.0131671
0.0131551
0.0131434
0.013132
0.0131209
0.0131101
0.0130997
0.0130895
0.0130797
0.0130702
0.013061
0.013052
0.0130434
0.0130351
0.0130271
0.0130194
0.013012
0.0130049
0.0129981
0.0129916
0.0129853
0.0129794
0.0129738
0.0129684
0.0129634
0.0129587
0.0129542
0.01295
0.0129461
0.0129425
0.0129393
0.0129361
0.0129335
0.012931
0.0129289
0.012927
0.0129255
0.0129242
0.0129232
0.0129225
0.012922
0.0129219
0.012922
0.0129225
0.0129232
0.0129242
0.0129255
0.012927
0.0129289
0.0129311
0.0129335
0.0129362
0.0129392
0.0129425
0.0129461
0.01295
0.0129542
0.0129586
0.0129634
0.0129684
0.0129738
0.0129794
0.0129853
0.0129916
0.0129981
0.0130049
0.013012
0.0130194
0.0130271
0.0130351
0.0130434
0.013052
0.013061
0.0130702
0.0130797
0.0130895
0.0130997
0.0131101
0.0131209
0.013132
0.0131433
0.0131551
0.0131671
0.0131794
0.0131921
0.0132051
0.0132184
0.013232
0.013246
0.0132603
0.0132749
0.0132899
0.0133052
0.0133208
0.0133368
0.0133531
0.0133697
0.0133867
0.0134041
0.0134218
0.0134399
0.0134583
0.0134771
0.0134962
0.0135157
0.0135356
0.0135559
0.0135765
0.0135975
0.0136189
0.0136406
0.0136628
0.0136853
0.0137083
0.0137316
0.0137554
0.0137795
0.013804
0.013829
0.0138544
0.0138802
0.0139064
0.013933
0.0139601
0.0139876
0.0140156
0.014044
0.0140729
0.0141022
0.0141319
0.0141622
0.0141929
0.0142241
0.0142557
0.0142879
0.0143205
0.0143536
0.0143873
0.0144214
0.0144561
0.0144912
0.0145269
0.0145632
0.0146
0.0146373
0.0146751
0.0147136
0.0147526
0.0147921
0.0148323
0.014873
0.0149144
0.0149563
0.0149989
0.015042
0.0150858
0.0151303
0.0151754
0.0152211
0.0152675
0.0153146
0.0153623
0.0154108
0.01546
0.0155098
0.0155604
0.0156118
0.0156638
0.0157167
0.0157703
0.0158246
0.0158798
0.0159358
0.0159926
0.0160502
0.0161087
0.016168
0.0162282
0.0162893
0.0163512
0.0164141
0.016478
0.0165427
0.0166084
0.0166751
0.0167428
0.0168115
0.0168813
0.0169521
0.0170239
0.0170968
0.0171709
0.017246
0.0173223
0.0173998
0.0174785
0.0175583
0.0176394
0.0177218
0.0178054
0.0178903
0.0179766
0.0180642
0.0181532
0.0182437
0.0183355
0.0184288
0.0185237
0.01862
0.0187179
0.0188174
0.0189185
0.0190213
0.0191258
0.019232
0.01934
0.0194497
0.0195614
0.0196749
0.0197904
0.0199078
0.0200272
0.0201488
0.0202724
0.0203982
0.0205262
0.0206565
0.0207891
0.0209241
0.0210615
0.0212014
0.0213439
0.021489
0.0216368
0.0217873
0.0219407
0.022097
0.0222562
0.0224185
0.022584
0.0227526
0.0229246
0.0231
0.0232789
0.0234614
0.0236476
0.0238375
0.0240314
0.0242293
0.0244314
0.0246377
0.0248484
0.0250637
0.0252836
0.0255084
0.0257381
0.0259729
0.026213
0.0264586
0.0267098
0.0269668
0.0272299
0.0274991
0.0277748
0.0280572
0.0283465
0.0286429
0.0289467
0.0292582
0.0295776
0.0299053
0.0302415
0.0305866
0.030941
0.0313049
0.0316789
0.0320632
0.0324584
0.0328648
0.033283
0.0337134
0.0341566
0.0346132
0.0350837
0.0355689
0.0360691
0.0365855
0.0371185
0.0376693
0.0382384
0.038827
0.039436
0.0400665
0.0407197
0.041397
0.0421003
0.0428337
5.14092
0.0443541
0.0451766
0.0460288
0.0469156
0.0478397
0.0488038
0.0498106
0.0508631
0.0519644
0.0531182
0.0543282
0.0555986
0.0569343
0.0583403
0.0598225
0.0613871
0.0630414
0.0647933
0.0666519
0.0686271
0.0707307
0.0729754
0.0753763
0.0779504
0.0807172
0.0836997
0.0869242
0.0904219
0.0942294
0.0983903
0.102957
0.107992
0.113572
0.119793
0.126772
0.134659
0.143644
0.153977
0.165988
0.180127
0.197019
0.217559
0.243082
0.275662
0.318713
0.378274
0.466137
0.60883
0.881118
1.60698
9.58993
2.38421
1.05356
0.673263
0.493045
0.387856
0.318889
0.270165
0.233901
0.205852
0.183508
0.165287
0.150146
0.137371
0.126454
0.117027
0.108818
0.101621
0.0952815
0.0896788
0.0847216
0.0803406
0.0764845
0.0731169
0.0702144
0.0677646
0.0657659
0.0642261
0.0631612
0.0625959
0.0625626
0.063101
0.0642589
0.0660928
0.0686703
0.0720739
0.0764068
0.0818016
0.0884326
0.096535
0.106432
0.118578
0.133629
0.152564
0.176899
0.209108
0.253508
0.318355
0.421626
0.611282
1.07233
3.83991
2.61854
1.00414
0.631709
0.466256
0.37279
0.312743
0.270923
0.240134
0.216527
0.197859
0.182733
0.170234
0.159738
0.150804
0.143112
0.136426
0.130564
0.125388
0.120789
0.11668
0.112992
0.109666
0.106657
0.103926
0.101441
0.099174
0.0971022
0.0952059
0.0934683
0.0918749
0.0904131
0.0890721
0.0878423
0.0867155
0.0856844
0.0847428
0.083885
0.0831061
0.0824019
0.0817687
0.0812031
0.0807024
0.080264
0.0798859
0.0795663
0.0793036
0.0790969
0.078945
0.0788473
0.0788034
0.0788131
0.0788764
0.0789936
0.0791653
0.0793922
0.0796753
0.0800159
0.0804155
0.080876
0.0813995
0.0819886
0.082646
0.0833751
0.0841796
0.0850637
0.0860321
0.0870904
0.0882447
0.0895018
0.0908696
0.0923571
0.0939746
0.0957335
0.0976472
0.0997311
0.102003
0.104483
0.107194
0.110166
0.11343
0.117026
0.121001
0.125409
0.130319
0.135814
0.141997
0.148997
0.156978
0.166153
0.176799
0.189288
0.204132
0.222048
0.244082
0.271817
0.307765
0.356172
0.424823
0.529696
0.709597
1.08957
2.41988
9.55454
1.57185
0.8463
0.574324
0.431943
0.344395
0.285152
0.242427
0.210181
0.185007
0.164831
0.148326
0.134601
0.123037
0.113195
0.104755
0.0974808
0.0911982
0.0857782
0.0811284
0.0771858
0.073913
0.0712959
0.0693434
0.0680869
0.0675828
0.0679147
0.0691991
0.0715933
0.075309
0.0806366
0.0879847
0.0979505
0.111444
0.129927
0.155891
0.193955
0.253684
0.358564
0.585546
1.41682
4.70256
0.956919
0.558662
0.408663
0.331571
0.285967
0.257065
0.238343
0.226564
0.220042
